variant,seed,reference,pair_key,folder,psnr,psnr_gain,ssim,ssim_gain,gradient_ratio_to_noisy,residual_mean,residual_std,brightness_bias_to_reference,prediction_mean_minus_noisy_mean,removed_residual_std,noisy_psnr,noisy_ssim
P-H,20260716,reference_a_odd,folder_1_frame_101,1,54.164731417839704,-4.390497014239266,0.9957774204855387,-0.0026510793947757127,0.2542984303561914,-0.0009497104329057038,0.001711999997496605,-0.0009497104911133647,-0.000905202585272491,0.0018358047818765044,58.55522843207897,0.9984284998803145
P-H,20260716,reference_b_even,folder_1_frame_101,1,54.16992010716104,-4.40531883149179,0.995782399369982,-0.002652711103237726,0.2542984303561914,-0.0009522088221274316,0.0017092733178287745,-0.0009522088803350925,-0.000905202585272491,0.0018358047818765044,58.57523893865283,0.9984351104732198
P-H,20260716,reference_a_odd,folder_1_frame_111,1,54.15555041097822,-4.253403017889838,0.9957756126531222,-0.002604185996652797,0.2545590217684926,-0.0009430614882148802,0.0017180342692881823,-0.0009430613717995584,-0.0009328845189884305,0.0018262667581439018,58.40895342886806,0.998379798649775
P-H,20260716,reference_b_even,folder_1_frame_111,1,54.16047950158627,-4.270788339127812,0.9957803360751533,-0.002607207077474638,0.2545590217684926,-0.0009455598774366081,0.0017153905937448144,-0.0009455598192289472,-0.0009328845189884305,0.0018262667581439018,58.431267840714085,0.9983875431526279
P-H,20260716,reference_a_odd,folder_1_frame_121,1,54.0879902670147,-4.0343378333889035,0.9957147018970894,-0.0025599358178530762,0.2556637645099607,-0.0009406703757122159,0.00173676828853786,-0.0009406705503351986,-0.0009483510511927307,0.0018180710030719638,58.12232810040361,0.9982746377149425
P-H,20260716,reference_b_even,folder_1_frame_121,1,54.09477711235795,-4.0554166142857895,0.9957211653349461,-0.0025638641193330702,0.2556637645099607,-0.0009431691141799092,0.0017336567398160696,-0.0009431689395569265,-0.0009483510511927307,0.0018180710030719638,58.15019372664374,0.9982850294542792
P-H,20260716,reference_a_odd,folder_1_frame_131,1,53.93955285416609,-3.9082433227280404,0.9955712303496668,-0.002591373313666878,0.25408280600211935,-0.0009544145432300866,0.0017680389573797584,-0.0009544146014377475,-0.0009046344202943146,0.0018360776593908668,57.84779617689413,0.9981626036633336
P-H,20260716,reference_b_even,folder_1_frame_131,1,53.947843853270086,-3.9334795449046567,0.9955793726936658,-0.0025963999936156057,0.25408280600211935,-0.0009569130488671362,0.001764507731422782,-0.0009569130488671362,-0.0009046344202943146,0.0018360776593908668,57.88132339817474,0.9981757726872814
P-H,20260716,reference_a_odd,folder_1_frame_141,1,54.10989661876332,-3.537905569109725,0.9957315333493826,-0.0023519563113697517,0.25913185536438493,-0.0009180518100038171,0.0017432087333872914,-0.000918051868211478,-0.0009746610885486007,0.0018135793507099152,57.64780218787305,0.9980834896607523
P-H,20260716,reference_b_even,folder_1_frame_141,1,54.118583844150294,-3.560737687099696,0.9957397447815147,-0.002356949822039933,0.25913185536438493,-0.0009205502574332058,0.001739662722684443,-0.0009205502574332058,-0.0009746610885486007,0.0018135793507099152,57.67932153124999,0.9980966946035547
P-H,20260716,reference_a_odd,folder_1_frame_151,1,53.92758185647202,-3.4607496450833324,0.9955542758992981,-0.002416189218772846,0.256546903321986,-0.0009342703269794583,0.001781895407475531,-0.0009342703269794583,-0.0009412243380211294,0.0018286074046045542,57.38833150155535,0.997970465118071
P-H,20260716,reference_b_even,folder_1_frame_151,1,53.93634813707326,-3.4826030867429125,0.995562829865614,-0.0024209150120833023,0.256546903321986,-0.0009367688908241689,0.0017782894428819418,-0.0009367687162011862,-0.0009412243380211294,0.0018286074046045542,57.41895122381617,0.9979837448776973
P-H,20260716,reference_a_odd,folder_1_frame_161,1,53.854791358335284,-3.2687472607405965,0.9954787927534757,-0.0023680801578975785,0.25710917001394223,-0.0009313129121437669,0.001802522805519402,-0.0009313129121437669,-0.0009578400058671832,0.0018185105873271823,57.12353861907588,0.9978468729113733
P-H,20260716,reference_b_even,folder_1_frame_161,1,53.86457337443669,-3.294580937142001,0.9954885999363381,-0.002375179484399803,0.25710917001394223,-0.0009338113013654947,0.0017986567690968513,-0.0009338113595731556,-0.0009578400058671832,0.0018185105873271823,57.15915431157869,0.9978637794207379
P-H,20260716,reference_a_odd,folder_1_frame_171,1,53.9177193557516,-2.8918987719853106,0.9955437263676781,-0.00214639584843912,0.2607731856308241,-0.0009035127586685121,0.001800244557671249,-0.000903512816876173,-0.0010229118634015322,0.00179294403642416,56.80961812773691,0.9976901222161172
P-H,20260716,reference_b_even,folder_1_frame_171,1,53.929206799552524,-2.918378950980575,0.9955550260665735,-0.0021544391541560293,0.2607731856308241,-0.00090601114789024,0.0017960071563720703,-0.0009060112060979009,-0.0010229118634015322,0.00179294403642416,56.8475857505331,0.9977094652207296
P-H,20260716,reference_a_odd,folder_2_frame_101,2,59.82525596301894,-3.368923560718166,0.9981540998584484,-0.0012905093230000109,0.019938427331854153,0.0008748203399591148,0.0005251154070720077,0.0008748202817514539,0.000839821295812726,0.0008562927832826972,63.194179523737105,0.9994446091814484
P-H,20260716,reference_b_even,folder_2_frame_101,2,59.915245813371044,-3.289732061752318,0.998194244568879,-0.0012522766923540596,0.019938427331854153,0.0008623665198683739,0.0005253864801488817,0.0008623665198683739,0.000839821295812726,0.0008562927832826972,63.20497787512336,0.999446521261233
P-H,20260716,reference_a_odd,folder_2_frame_111,2,59.836493946279305,-3.371633904510581,0.9981586540331423,-0.0012882180508110297,0.020536101784754943,0.0008732731803320348,0.0005251287366263568,0.0008732732385396957,0.0008754419977776706,0.000860030937474221,63.208127850789886,0.9994468720839533
P-H,20260716,reference_b_even,folder_2_frame_111,2,59.92666551112555,-3.279746047981604,0.9981987575315923,-0.0012477608601737522,0.020536101784754943,0.0008608194766566157,0.0005253751878626645,0.0008608194766566157,0.0008754419977776706,0.000860030937474221,63.20641155910715,0.999446518391766
P-H,20260716,reference_a_odd,folder_2_frame_121,2,59.838268372145635,-3.3406758127950695,0.99815912564003,-0.0012833313252389456,0.020517306683381666,0.0008730803965590894,0.0005250457325018942,0.0008730803383514285,0.0008816157351247966,0.0008615012047812343,63.178944184940704,0.9994424569652689
P-H,20260716,reference_b_even,folder_2_frame_121,2,59.9285242822329,-3.250479957516113,0.9981992405683916,-0.0012431084398745185,0.020517306683381666,0.0008606265764683485,0.0005252770497463644,0.0008606265764683485,0.0008816157351247966,0.0008615012047812343,63.17900423974901,0.9994423490082661
P-H,20260716,reference_a_odd,folder_2_frame_131,2,59.83781030966702,-3.300263953268356,0.9981591760559085,-0.001275463855971104,0.020575411879733625,0.000872790056746453,0.0005256322328932583,0.0008727899985387921,0.0008882993133738637,0.0008569895289838314,63.138074262935376,0.9994346399118796
P-H,20260716,reference_b_even,folder_2_frame_131,2,59.92796336231228,-3.207204397819872,0.9981992648510756,-0.0012346725286362936,0.020575411879733625,0.000860336353071034,0.0005258771707303822,0.000860336353071034,0.0008882993133738637,0.0008569895289838314,63.135167760132155,0.9994339373797119
P-H,20260716,reference_a_odd,folder_2_frame_141,2,59.86193251289576,-3.1715061906543767,0.9981684983938304,-0.0012434684474034174,0.021385410947653484,0.0008694459684193134,0.0005257049924694002,0.0008694459102116525,0.0009664471726864576,0.000864259316585958,63.03343870355014,0.9994119668412338
P-H,20260716,reference_b_even,folder_2_frame_141,2,59.95241130551361,-3.0612305630630843,0.9982084988959682,-0.001199373509654822,0.021385410947653484,0.0008569922065362334,0.0005259109893813729,0.0008569922065362334,0.0009664471726864576,0.000864259316585958,63.01364186857669,0.999407872405623
P-H,20260716,reference_a_odd,folder_2_frame_151,2,59.865374188090456,-3.154510376292002,0.9981699012191155,-0.0012387996015823521,0.021898120982745562,0.0008685956127010286,0.0005263323546387255,0.0008685956709086895,0.0009856187971308827,0.0008570226491428912,63.01988456438246,0.9994087008206979
P-H,20260716,reference_b_even,folder_2_frame_151,2,59.95577102197794,-3.039965477306282,0.9982098608209892,-0.0011936451940431914,0.021898120982745562,0.0008561419672332704,0.0005265520885586739,0.0008561419090256095,0.0009856187971308827,0.0008570226491428912,62.99573649928422,0.9994035060150324
P-H,20260716,reference_a_odd,folder_2_frame_161,2,59.87123317199881,-3.114340923280629,0.9981727580910453,-0.0012264787719179493,0.021660227631567955,0.0008678629528731108,0.000526219722814858,0.0008678628946654499,0.0010103897657245398,0.0008554034866392612,62.98557409527944,0.9993992368629633
P-H,20260716,reference_b_even,folder_2_frame_161,2,59.9616745277435,-2.993361696266689,0.9982126681844866,-0.0011799358207795763,0.021660227631567955,0.0008554091909900308,0.0005264398059807718,0.0008554091909900308,0.0010103897657245398,0.0008554034866392612,62.955036224010186,0.9993926040052662
P-H,20260716,reference_a_odd,folder_2_frame_171,2,59.831471843833164,-3.270908938670267,0.998156647769843,-0.0012726362932977686,0.020254741773450137,0.0008737326133996248,0.0005255083087831736,0.0008737325551919639,0.0008636831771582365,0.0008589281933382154,63.10238078250343,0.9994292840631408
P-H,20260716,reference_b_even,folder_2_frame_171,2,59.92167048660343,-3.187457227699042,0.9981967789640271,-0.001233554337203402,0.020254741773450137,0.000861278735101223,0.0005257361335679889,0.0008612788515165448,0.0008636831771582365,0.0008589281933382154,63.109127714302474,0.9994303333012305
P-H,20260716,reference_a_odd,folder_4_frame_101,4,49.83444819271644,-4.173714715260687,0.9946129787114708,-0.0010492997318931607,0.47507642731138666,-0.0023024899419397116,0.0022554590832442045,-0.0023024901747703552,-0.0023040007799863815,0.002143485937267542,54.00816290797712,0.995662278443364
P-H,20260716,reference_b_even,folder_4_frame_101,4,49.82290538839594,-4.18705211976831,0.9946001032510374,-0.0010619560875929634,0.47507642731138666,-0.0023084988351911306,0.00225544604472816,-0.0023084988351911306,-0.0023040007799863815,0.002143485937267542,54.00995750816425,0.9956620593386304
P-H,20260716,reference_a_odd,folder_4_frame_111,4,49.59441573929965,-4.316684170745091,0.9943629054134073,-0.0012353540894374238,0.47331212390557464,-0.0023662755265831947,0.0023194027598947287,-0.0023662755265831947,-0.0022414736449718475,0.002187340520322323,53.91109991004474,0.9955982595028448
P-H,20260716,reference_b_even,folder_4_frame_111,4,49.58320716179442,-4.331933063373917,0.994350171589781,-0.0012510034635682121,0.47331212390557464,-0.0023722846526652575,0.002319380873814225,-0.002372284419834614,-0.0022414736449718475,0.002187340520322323,53.91514022516834,0.9956011750533492
P-H,20260716,reference_a_odd,folder_4_frame_121,4,49.58746836626088,-4.320167520541958,0.9943486011667646,-0.0012611225870117204,0.473595597714889,-0.0023654738906770945,0.0023240053560584784,-0.002365473657846451,-0.002265500370413065,0.002168100792914629,53.90763588680284,0.9956097237537763
P-H,20260716,reference_b_even,folder_4_frame_121,4,49.577748276789634,-4.33819277478154,0.9943396426340039,-0.001277189952344382,0.473595597714889,-0.00237148255109787,0.0023231820669025183,-0.00237148255109787,-0.002265500370413065,0.002168100792914629,53.915941051571174,0.9956168325863483
P-H,20260716,reference_a_odd,folder_4_frame_131,4,49.87389042474661,-3.908576582146729,0.9945922327861261,-0.0009283595244917731,0.47618158119748477,-0.002270139055326581,0.002267400035634637,-0.002270139055326581,-0.0023405677638947964,0.0021205744706094265,53.78246700689334,0.9955205923106178
P-H,20260716,reference_b_even,folder_4_frame_131,4,49.86417989100878,-3.9280634566461075,0.9945830153425178,-0.0009447056362175132,0.47618158119748477,-0.002276147948578,0.0022664573043584824,-0.0022761474829167128,-0.0023405677638947964,0.0021205744706094265,53.79224334765489,0.9955277209787353
P-H,20260716,reference_a_odd,folder_4_frame_141,4,49.67352892774434,-4.060612893488852,0.9944302698239648,-0.0010669033182720833,0.47444321241233806,-0.002319651423022151,0.0023237732239067554,-0.0023196511901915073,-0.0023281059693545103,0.0021242580842226744,53.734141821233194,0.9954971731422368
P-H,20260716,reference_b_even,folder_4_frame_141,4,49.663473789838115,-4.076634671636576,0.9944194413362005,-0.001081084200881044,0.47444321241233806,-0.0023256600834429264,0.002323143882676959,-0.0023256600834429264,-0.0023281059693545103,0.0021242580842226744,53.74010846147469,0.9955005255370816
P-H,20260716,reference_a_odd,folder_4_frame_151,4,49.68369443595676,-3.998232148795516,0.9944024424242254,-0.0010823375671167312,0.47454412333896856,-0.0023108061868697405,0.0023271599784493446,-0.002310805954039097,-0.002341893268749118,0.002112647285684943,53.681926584752276,0.9954847799913421
P-H,20260716,reference_b_even,folder_4_frame_151,4,49.67569406840841,-4.021114831586907,0.9943963880639713,-0.0011008446959469564,0.47454412333896856,-0.0023168146144598722,0.002325445646420121,-0.002316814847290516,-0.002341893268749118,0.002112647285684943,53.69680889999532,0.9954972327599183
P-H,20260716,reference_a_odd,folder_4_frame_161,4,49.54415200276675,-4.054565386953364,0.9942349703401147,-0.0012076225833461685,0.4735570547418016,-0.0023453605826944113,0.0023676955606788397,-0.0023453603498637676,-0.0022845412604510784,0.002156209899112582,53.598717389720115,0.9954425929234608
P-H,20260716,reference_b_even,folder_4_frame_161,4,49.534517627112706,-4.070421527825729,0.9942243165359843,-0.0012216526441066744,0.4735570547418016,-0.0023513687774538994,0.0023669444490224123,-0.002351369010284543,-0.0022845412604510784,0.002156209899112582,53.604939154938435,0.995445969180091
P-H,20260716,reference_a_odd,folder_4_frame_171,4,49.47434729257487,-3.9967815847979935,0.9941408941448764,-0.0012292530580920724,0.4733650693381281,-0.0023515596985816956,0.0023993379436433315,-0.002351559465751052,-0.002298434264957905,0.0021445290185511112,53.47112887737286,0.9953701472029685
P-H,20260716,reference_b_even,folder_4_frame_171,4,49.465874965545005,-4.012650711537354,0.9941328955526533,-0.001242229641512882,0.4733650693381281,-0.0023575681261718273,0.002398033859208226,-0.002357568359002471,-0.002298434264957905,0.0021445290185511112,53.47852567708236,0.9953751251941662
P-H,20260716,reference_a_odd,folder_5_frame_101,5,45.40489235865624,-1.942726953489199,0.9866986342922041,0.002386406997785917,0.6903378186550412,-0.004334085620939732,0.003165998263284564,-0.004334086552262306,-0.003947782330214977,0.0022195333149284124,47.34761931214544,0.9843122272944181
P-H,20260716,reference_b_even,folder_5_frame_101,5,45.42409167183613,-1.9380020527086543,0.9867327108372321,0.00241222861332413,0.6903378186550412,-0.004325904883444309,0.0031571057625114918,-0.004325904883444309,-0.003947782330214977,0.0022195333149284124,47.362093724544785,0.984320482223908
P-H,20260716,reference_a_odd,folder_5_frame_111,5,45.5194279994853,-1.756589835636106,0.9867671962857301,0.002473378125027348,0.6913792326199601,-0.004212224390357733,0.0032117280643433332,-0.0042122239246964455,-0.003946054261177778,0.002220180816948414,47.27601783512141,0.9842938181607027
P-H,20260716,reference_b_even,folder_5_frame_111,5,45.54350897982228,-1.7554633259777148,0.9868200243065988,0.002490708398050545,0.6913792326199601,-0.004204042721539736,0.003198265563696623,-0.004204043187201023,-0.003946054261177778,0.002220180816948414,47.29897230579999,0.9843293159085482
P-H,20260716,reference_a_odd,folder_5_frame_121,5,45.208142209051836,-1.7831053897870746,0.9865018821426667,0.002360189255425249,0.6902768881946791,-0.004296985920518637,0.0034174348693341017,-0.004296986386179924,-0.003946852404624224,0.002214347943663597,46.99124759883891,0.9841416928872414
P-H,20260716,reference_b_even,folder_5_frame_121,5,45.229111465196674,-1.7791977009754305,0.9865350535659425,0.0023853480324683707,0.6902768881946791,-0.004288804717361927,0.0034064515493810177,-0.004288804717361927,-0.003946852404624224,0.002214347943663597,47.008309166172104,0.9841497055334741
P-H,20260716,reference_a_odd,folder_5_frame_131,5,44.98922778018894,-1.735990098232847,0.9860666157010309,0.0021459952518969594,0.6910257781086485,-0.004333651624619961,0.0035945484414696693,-0.0043336511589586735,-0.003944258205592632,0.00221696007065475,46.72521787842179,0.983920620449134
P-H,20260716,reference_b_even,folder_5_frame_131,5,45.00959722997972,-1.730488728758722,0.9860934647224057,0.0021808400805333195,0.6910257781086485,-0.004325470421463251,0.0035837518516927958,-0.004325469955801964,-0.003944258205592632,0.00221696007065475,46.74008595873844,0.9839126246418723
P-H,20260716,reference_a_odd,folder_5_frame_141,5,44.93658841862957,-1.6001911019437074,0.9862894830920107,0.0025753104492490797,0.6899708550158042,-0.004276076331734657,0.0037152462173253298,-0.004276077263057232,-0.003948003984987736,0.0022243810817599297,46.536779520573276,0.9837141726427616
P-H,20260716,reference_b_even,folder_5_frame_141,5,44.95911418566368,-1.5979824773231925,0.9863298649099026,0.002597907370535779,0.6899708550158042,-0.004267896059900522,0.003702289890497923,-0.004267896059900522,-0.003948003984987736,0.0022243810817599297,46.55709666298687,0.9837319575393668
P-H,20260716,reference_a_odd,folder_5_frame_151,5,44.69743214927625,-1.522990467146471,0.9860676104411308,0.0025380803034237287,0.6905001380757448,-0.004274590406566858,0.0039537749253213406,-0.004274589940905571,-0.00394945964217186,0.0022190266754478216,46.220422616422724,0.983529530137707
P-H,20260716,reference_b_even,folder_5_frame_151,5,44.72215762881672,-1.522649910880851,0.9861208991366975,0.002558257894350713,0.6905001380757448,-0.004266408737748861,0.00393823953345418,-0.004266408737748861,-0.00394945964217186,0.0022190266754478216,46.24480753969757,0.9835626412423468
P-H,20260716,reference_a_odd,folder_5_frame_161,5,44.4802748867771,-1.5201084044225226,0.9859636093180394,0.0025645387609148917,0.6907517397679235,-0.004324629902839661,0.004115875344723463,-0.004324629902839661,-0.003951627761125565,0.002214645966887474,46.000383291199626,0.9833990705571245
P-H,20260716,reference_b_even,folder_5_frame_161,5,44.505324576632034,-1.5208752526507539,0.9860169859120428,0.0025844144625429832,0.6907517397679235,-0.004316448699682951,0.0040995292365550995,-0.004316448699682951,-0.003951627761125565,0.002214645966887474,46.02619982928279,0.9834325714494998
P-H,20260716,reference_a_odd,folder_5_frame_171,5,44.22966916700784,-1.4049062397709307,0.9855185827813409,0.0025297823701078137,0.6903669764721749,-0.004323482513427734,0.004366645123809576,-0.004323482979089022,-0.003950326703488827,0.002217634115368128,45.63457540677877,0.982988800411233
P-H,20260716,reference_b_even,folder_5_frame_171,5,44.253880560882415,-1.4036574739195444,0.9855662063063313,0.0025567763049202386,0.6903669764721749,-0.004315301310271025,0.004350671544671059,-0.004315301775932312,-0.003950326703488827,0.002217634115368128,45.65753803480196,0.983009430001411
P-H,20260716,reference_a_odd,folder_7_frame_101,7,47.456736731510546,-3.9885556251458922,0.9908200314537031,-0.001684070352596656,0.5742120296586641,-0.003555069677531719,0.0023070131428539753,-0.0035550694447010756,-0.0035284184850752354,0.002054456388577819,51.44529235665644,0.9925041018062998
P-H,20260716,reference_b_even,folder_7_frame_101,7,47.45825354174036,-3.9939102111390454,0.9908271773695847,-0.0016778803666103181,0.5742120296586641,-0.003555548144504428,0.0023049151059240103,-0.0035555479116737843,-0.0035284184850752354,0.002054456388577819,51.45216375287941,0.992505057736195
P-H,20260716,reference_a_odd,folder_7_frame_111,7,47.474869717714974,-3.942300463870332,0.9909084868673388,-0.0016126183611627765,0.574960831616667,-0.0035355975851416588,0.0023206775076687336,-0.0035355971194803715,-0.003538460237905383,0.0020460248924791813,51.417170181585305,0.9925211052285016
P-H,20260716,reference_b_even,folder_7_frame_111,7,47.47633367077522,-3.9486291090236563,0.9909165982489835,-0.001608827963575421,0.574960831616667,-0.0035360753536224365,0.0023186488542705774,-0.0035360753536224365,-0.003538460237905383,0.0020460248924791813,51.424962779798875,0.9925254262125589
P-H,20260716,reference_a_odd,folder_7_frame_121,7,47.402655165097876,-3.8830148937003415,0.9908619237496161,-0.001542895824211965,0.5753164353479088,-0.0035458041820675135,0.0023692105896770954,-0.0035458041820675135,-0.0035355770960450172,0.0020519373938441277,51.28567005879822,0.9924048195738281
P-H,20260716,reference_b_even,folder_7_frame_121,7,47.40497282061756,-3.890832571022756,0.9908702896934436,-0.0015397079972336858,0.5753164353479088,-0.003546282183378935,0.0023664450272917747,-0.003546282649040222,-0.0035355770960450172,0.0020519373938441277,51.295805391640314,0.9924099976906773
P-H,20260716,reference_a_odd,folder_7_frame_131,7,47.20957382918915,-3.9284230729571306,0.9906405142818315,-0.0017057824223104534,0.5732283677591713,-0.003603175049647689,0.0024555609561502934,-0.003603175049647689,-0.0035271993838250637,0.0020572093781083822,51.13799690214628,0.992346296704142
P-H,20260716,reference_b_even,folder_7_frame_131,7,47.21146518510939,-3.932432689895137,0.9906468462365947,-0.0016960766841620512,0.5732283677591713,-0.003603653283789754,0.0024531721137464046,-0.0036036535166203976,-0.0035271993838250637,0.0020572093781083822,51.14389787500453,0.9923429229207568
P-H,20260716,reference_a_odd,folder_7_frame_141,7,47.28122686266077,-3.834014436341299,0.9907371315877392,-0.0016107377968603842,0.5752529440054707,-0.0035643114242702723,0.002448923187330365,-0.0035643111914396286,-0.0035376918967813253,0.002048393478617072,51.11524129900207,0.9923478693845996
P-H,20260716,reference_b_even,folder_7_frame_141,7,47.28214570789986,-3.8359213302304838,0.990737179789477,-0.0016002259358991466,0.5752529440054707,-0.003564789891242981,0.002447418635711074,-0.0035647896584123373,-0.0035376918967813253,0.002048393478617072,51.11806703813034,0.9923374057253761
P-H,20260716,reference_a_odd,folder_7_frame_151,7,47.27676256402504,-3.7589666685610013,0.9907637030492917,-0.0015611096558486581,0.5761180450912178,-0.0035478651989251375,0.002476575318723917,-0.003547864966094494,-0.0035480214282870293,0.002037384547293186,51.03572923258604,0.9923248127051404
P-H,20260716,reference_b_even,folder_7_frame_151,7,47.27932979833339,-3.76637056563262,0.9907712259574046,-0.0015568243003467597,0.5761180450912178,-0.0035483429674059153,0.0024736549239605665,-0.003548343200236559,-0.0035480214282870293,0.002037384547293186,51.04570036396601,0.9923280502577514
P-H,20260716,reference_a_odd,folder_7_frame_161,7,46.82388893715319,-3.2649975171014987,0.9902558114577116,-0.001452278549579633,0.5734416569404428,-0.0035657035186886787,0.0028397368732839823,-0.003565703984349966,-0.0035232175141572952,0.0020618278067559004,50.08888645425469,0.9917080900072912
P-H,20260716,reference_b_even,folder_7_frame_161,7,46.82896404749597,-3.2734520074841313,0.9902681588789496,-0.001446540722311096,0.5734416569404428,-0.0035661826841533184,0.0028348600026220083,-0.003566182218492031,-0.0035232175141572952,0.0020618278067559004,50.102416054980104,0.9917146996012607
P-H,20260716,reference_a_odd,folder_7_frame_171,7,47.258154394539,-3.5195126825355985,0.9906335946417903,-0.001484273306778694,0.5745515358233068,-0.0035204323939979076,0.0025313461665064096,-0.0035204323939979076,-0.003536507487297058,0.0020541115663945675,50.7776670770746,0.992117867948569
P-H,20260716,reference_b_even,folder_7_frame_171,7,47.262199198680435,-3.528522708118082,0.990645347799347,-0.0014805889030093944,0.5745515358233068,-0.003520910395309329,0.0025272206403315067,-0.0035209108609706163,-0.003536507487297058,0.0020541115663945675,50.79072190679852,0.9921259367023564
P-H,20260716,reference_a_odd,folder_8_frame_101,8,48.23181160864476,-4.095850641648056,0.9922003513067194,-0.001498408796356765,0.5412554387351799,-0.003177023259922862,0.0022207375150173903,-0.003177023259922862,-0.003201525192707777,0.0020555665250867605,52.32766225029282,0.9936987601030761
P-H,20260716,reference_b_even,folder_8_frame_101,8,48.2247378821361,-4.110275717793797,0.9921703240582537,-0.0015272470232297053,0.5412554387351799,-0.003184741362929344,0.0022151886951178312,-0.003184741595759988,-0.003201525192707777,0.0020555665250867605,52.335013599929894,0.9936975710814834
P-H,20260716,reference_a_odd,folder_8_frame_111,8,48.186012550594555,-4.085847383912821,0.9921541302142841,-0.00150175318970458,0.5404866007523196,-0.0031881690956652164,0.002240539528429508,-0.0031881690956652164,-0.003187447553500533,0.0020722912158817053,52.271859934507376,0.9936558834039887
P-H,20260716,reference_b_even,folder_8_frame_111,8,48.17885091427751,-4.099902962310203,0.9921242058922911,-0.0015307254220364719,0.5404866007523196,-0.0031958871986716986,0.0022351292427629232,-0.0031958871986716986,-0.003187447553500533,0.0020722912158817053,52.278753876587714,0.9936549313143276
P-H,20260716,reference_a_odd,folder_8_frame_121,8,47.97181181689982,-4.249554629428729,0.9918811954857623,-0.0017472717564543938,0.5393084668670397,-0.0032655110117048025,0.00229968992061913,-0.003265511244535446,-0.003150965552777052,0.0020963791757822037,52.22136644632855,0.9936284672422167
P-H,20260716,reference_b_even,folder_8_frame_121,8,47.966002350302254,-4.264153473008832,0.991854390808664,-0.0017743899245677985,0.5393084668670397,-0.0032732300460338593,0.00229335087351501,-0.003273229580372572,-0.003150965552777052,0.0020963791757822037,52.23015582331109,0.9936287807332318
P-H,20260716,reference_a_odd,folder_8_frame_131,8,48.10465641866759,-4.132528066847037,0.9921435795540599,-0.0014830941032049072,0.5399114485479961,-0.0032077329233288765,0.0022764047607779503,-0.003207732690498233,-0.003192826872691512,0.002064335159957409,52.237184485514625,0.9936266736572648
P-H,20260716,reference_b_even,folder_8_frame_131,8,48.09669225097981,-4.143902154685506,0.9921156273916368,-0.0015108576597480106,0.5399114485479961,-0.0032154512591660023,0.00227174861356616,-0.0032154510263353586,-0.003192826872691512,0.002064335159957409,52.24059440566531,0.9936264850513848
P-H,20260716,reference_a_odd,folder_8_frame_141,8,48.16795932031744,-3.9690580634577017,0.9922003576630334,-0.0013640322864719723,0.5424246755884221,-0.0031691472977399826,0.0022812699899077415,-0.00316914776340127,-0.003224364947527647,0.0020403543021529913,52.137017383775145,0.9935643899495054
P-H,20260716,reference_b_even,folder_8_frame_141,8,48.161838443275755,-3.9844416444443738,0.9921705220817401,-0.0013928951401043221,0.5424246755884221,-0.0031768660992383957,0.00227523990906775,-0.0031768660992383957,-0.003224364947527647,0.0020403543021529913,52.14628008772013,0.9935634172218444
P-H,20260716,reference_a_odd,folder_8_frame_151,8,47.958030518710174,-4.098824927897908,0.9918990330663962,-0.0016607991275179312,0.5399295400933154,-0.003241895465180278,0.0023437037598341703,-0.0032418956980109215,-0.0031876047141849995,0.0020638275891542435,52.05685544660808,0.9935598321939141
P-H,20260716,reference_b_even,folder_8_frame_151,8,47.95447671900325,-4.120866222880949,0.9918769697349052,-0.0016949444282436943,0.5399295400933154,-0.00324961356818676,0.0023357963655143976,-0.0032496140338480473,-0.0031876047141849995,0.0020638275891542435,52.0753429418842,0.9935719141631489
P-H,20260716,reference_a_odd,folder_8_frame_161,8,47.853524549245265,-4.129022764857574,0.9917679098793182,-0.0017512215640377304,0.5393848178729672,-0.003273218870162964,0.0023829874116927385,-0.00327321863733232,-0.0031723869033157825,0.002075522905215621,51.98254731410284,0.9935191314433559
P-H,20260716,reference_b_even,folder_8_frame_161,8,47.84982456659015,-4.147660439871785,0.9917430426613996,-0.0017808528062702722,0.5393848178729672,-0.0032809367403388023,0.002375292591750622,-0.003280936973169446,-0.0031723869033157825,0.002075522905215621,51.997485006461936,0.9935238954676698
P-H,20260716,reference_a_odd,folder_8_frame_171,8,48.093638400689926,-3.84306512185114,0.9920944652166515,-0.0013769822787846886,0.5412152235192067,-0.0031692509073764086,0.002338101388886571,-0.0031692509073764086,-0.0032225013710558414,0.0020425233524292707,51.936703522541066,0.9934714474954361
P-H,20260716,reference_b_even,folder_8_frame_171,8,48.09164085488155,-3.866395671865888,0.9920758994255424,-0.0014098268377367162,0.5412152235192067,-0.0031769697088748217,0.0023291350807994604,-0.003176969476044178,-0.0032225013710558414,0.0020425233524292707,51.958036526747435,0.9934857262632791
P-H,20260716,reference_a_odd,folder_9_frame_101,9,51.94970992220089,-4.407997816421876,0.9953389511118325,-0.0020433403751203283,0.3777626381245916,-0.0015153903514146805,0.00202154740691185,-0.0015153903514146805,-0.0015573065029457211,0.0021087550558149815,56.357707738622764,0.9973822914869528
P-H,20260716,reference_b_even,folder_9_frame_101,9,51.96560550675723,-4.384540846312973,0.9953545853643424,-0.0020223457829671165,0.3777626381245916,-0.0015082937898114324,0.0020210868678987026,-0.0015082936733961105,-0.0015573065029457211,0.0021087550558149815,56.3501463530702,0.9973769311473095
P-H,20260716,reference_a_odd,folder_9_frame_111,9,51.88660883887239,-4.497757885745628,0.9952733292788088,-0.00212737319516354,0.3785062791407839,-0.0015274544712156057,0.00203552539460361,-0.0015274544712156057,-0.001561005599796772,0.0021018884144723415,56.38436672461802,0.9974007024739724
P-H,20260716,reference_b_even,folder_9_frame_111,9,51.90441203891947,-4.487518285855209,0.9952927570262823,-0.0021120405970591616,0.3785062791407839,-0.0015203581424430013,0.002034330042079091,-0.0015203579096123576,-0.001561005599796772,0.0021018884144723415,56.39193032477468,0.9974047976233414
P-H,20260716,reference_a_odd,folder_9_frame_121,9,51.93544079532303,-4.385315530000852,0.9953093413696505,-0.002053869154669319,0.37767065117905785,-0.001516758231446147,0.0020257127471268177,-0.001516758231446147,-0.001559416763484478,0.002105731051415205,56.320756325323885,0.9973632105243199
P-H,20260716,reference_b_even,folder_9_frame_121,9,51.95481901522945,-4.377360684033867,0.9953306658352732,-0.0020387014387086566,0.37767065117905785,-0.0015096617862582207,0.00202397583052516,-0.0015096616698428988,-0.001559416763484478,0.002105731051415205,56.332179699263314,0.9973693672739818
P-H,20260716,reference_a_odd,folder_9_frame_131,9,51.75470781632386,-4.542457086391941,0.995130461735332,-0.0022206734873178036,0.37771664902120783,-0.0015540358144789934,0.002064260421320796,-0.0015540355816483498,-0.0015104430494830012,0.002137520117685199,56.2971649027158,0.9973511352226498
P-H,20260716,reference_b_even,folder_9_frame_131,9,51.77208459491787,-4.528923690251261,0.995149808349243,-0.0022033003126669115,0.37771664902120783,-0.0015469390200451016,0.0020631332881748676,-0.0015469389036297798,-0.0015104430494830012,0.002137520117685199,56.30100828516913,0.99735310866191
P-H,20260716,reference_a_odd,folder_9_frame_141,9,51.84035591512101,-4.456266403858834,0.99522091221655,-0.002131387294544651,0.3780373839942183,-0.0015347236767411232,0.002047058194875717,-0.001534723793156445,-0.0015323036350309849,0.0021236510947346687,56.29662231897984,0.9973522995110946
P-H,20260716,reference_b_even,folder_9_frame_141,9,51.857915300744814,-4.443189892061206,0.9952399135224904,-0.00211456491205797,0.3780373839942183,-0.0015276268823072314,0.002045914763584733,-0.001527627231553197,-0.0015323036350309849,0.0021236510947346687,56.30110519280602,0.9973544784345484
P-H,20260716,reference_a_odd,folder_9_frame_151,9,51.84360926828382,-4.460106924492386,0.9952232409945768,-0.0021382473846487393,0.3773425953057706,-0.0015330525347962976,0.002047113608568907,-0.0015330525347962976,-0.0015370670007541776,0.0021200336050242186,56.30371619277621,0.9973614883792256
P-H,20260716,reference_b_even,folder_9_frame_151,9,51.86076652936209,-4.445914914439399,0.9952412102615368,-0.002120927020435537,0.3773425953057706,-0.0015259558567777276,0.002046116627752781,-0.0015259557403624058,-0.0015370670007541776,0.0021200336050242186,56.30668144380149,0.9973621372819723
P-H,20260716,reference_a_odd,folder_9_frame_161,9,51.87905014698557,-4.378123016402213,0.9952523665611123,-0.0020814203508670026,0.3770562388677629,-0.0015253640012815595,0.002039859537035227,-0.001525364350527525,-0.0015400045085698366,0.0021217342000454664,56.25717316338778,0.9973337869119793
P-H,20260716,reference_b_even,folder_9_frame_161,9,51.89709498100918,-4.362528928271352,0.9952717376665271,-0.002062618663776994,0.3770562388677629,-0.0015182677889242768,0.002038559876382351,-0.0015182677889242768,-0.0015400045085698366,0.0021217342000454664,56.259623909280535,0.9973343563303041
P-H,20260716,reference_a_odd,folder_9_frame_171,9,51.84703306616644,-4.403622356339376,0.9952236758445374,-0.0021135106522846003,0.37785702991601117,-0.0015294512268155813,0.002048547612503171,-0.0015294513432309031,-0.0015485051553696394,0.0021123599726706743,56.250655422505815,0.997337186496822
P-H,20260716,reference_b_even,folder_9_frame_171,9,51.8654846056512,-4.39058171126544,0.9952435529054726,-0.0020957382099017208,0.37785702991601117,-0.0015223550144582987,0.0020470700692385435,-0.001522354781627655,-0.0015485051553696394,0.0021123599726706743,56.25606631691664,0.9973392911153743
P-H,20260716,reference_a_odd,folder_10_frame_101,10,53.21176457917101,-5.114115931228056,0.9951259447996896,-0.0031917664840802606,0.2956482009615604,-0.0009416885441169143,0.0019714399240911007,-0.0009416885441169143,-0.0009769484167918563,0.002069988986477256,58.32588051039907,0.9983177112837699
P-H,20260716,reference_b_even,folder_10_frame_101,10,53.23514472936371,-5.0828730604462535,0.9951443282099348,-0.003170077049306941,0.2956482009615604,-0.0009291983442381024,0.0019708662293851376,-0.0009291982860304415,-0.0009769484167918563,0.002069988986477256,58.318017789809964,0.9983144052592418
P-H,20260716,reference_a_odd,folder_10_frame_111,10,53.21021662773899,-5.1232512239481025,0.9951246905201877,-0.0031963804175312305,0.29551284399801353,-0.0009416136308573186,0.001971907215192914,-0.0009416135726496577,-0.0009807255119085312,0.002066506538540125,58.33346785168709,0.9983210709377189
P-H,20260716,reference_b_even,folder_10_frame_111,10,53.233630006554804,-5.0959912634060345,0.9951429830703412,-0.0031762629655203156,0.29551284399801353,-0.0009291232563555241,0.001971322111785412,-0.0009291232563555241,-0.0009807255119085312,0.002066506538540125,58.32962126996084,0.9983192460358615
P-H,20260716,reference_a_odd,folder_10_frame_121,10,53.14389555452984,-5.17535793626039,0.9950570496912161,-0.0032578652387678098,0.29557596828748534,-0.0009535624994896352,0.0019847548101097345,-0.0009535624412819743,-0.0009549244423396885,0.0020835998002439737,58.31925349079023,0.9983149149299839
P-H,20260716,reference_b_even,folder_10_frame_121,10,53.1673204939833,-5.14935505117176,0.9950757782958266,-0.0032379383285841,0.29557596828748534,-0.0009410720667801797,0.0019841454923152924,-0.0009410721249878407,-0.0009549244423396885,0.0020835998002439737,58.31667554515506,0.9983137166244107
P-H,20260716,reference_a_odd,folder_10_frame_131,10,53.11568178245339,-5.193163395493215,0.9950222752127102,-0.003287713128552139,0.2950570939353225,-0.0009586307569406927,0.00199026707559824,-0.0009586308151483536,-0.0009336434304714203,0.0021008567418903112,58.30884517794661,0.9983099883412624
P-H,20260716,reference_b_even,folder_10_frame_131,10,53.13932529829748,-5.168628898149947,0.9950412512242269,-0.0032681769670936944,0.2950570939353225,-0.0009461405570618808,0.0019895872101187706,-0.0009461405570618808,-0.0009336434304714203,0.0021008567418903112,58.307954196447426,0.9983094281913206
P-H,20260716,reference_a_odd,folder_10_frame_141,10,53.33854434729189,-4.955791641756562,0.9952684216051499,-0.003036027414454745,0.2981450253304534,-0.0009182008798234165,0.0019475449807941914,-0.0009182009380310774,-0.0010066299000754952,0.0020547308959066868,58.29433598904845,0.9983044490196047
P-H,20260716,reference_b_even,folder_10_frame_141,10,53.36199234019248,-4.923631069722518,0.9952859421310983,-0.0030145635841324347,0.2981450253304534,-0.0009057107963599265,0.0019469844410195947,-0.0009057106217369437,-0.0010066299000754952,0.0020547308959066868,58.285623409915,0.9983005057152308
P-H,20260716,reference_a_odd,folder_10_frame_151,10,53.153856357330945,-5.112119200570817,0.9950644248999989,-0.0032302978221431244,0.2952056350847542,-0.0009501090971753001,0.0019836127758026123,-0.000950109213590622,-0.000956204254180193,0.00208532577380538,58.26597555790176,0.998294722722142
P-H,20260716,reference_b_even,folder_10_frame_151,10,53.177292541277936,-5.085835287957821,0.9950829308946377,-0.003210373850800252,0.2952056350847542,-0.0009376188972964883,0.0019829936791211367,-0.0009376188972964883,-0.000956204254180193,0.00208532577380538,58.263127829235756,0.998293304745438
P-H,20260716,reference_a_odd,folder_10_frame_161,10,53.175460579839395,-5.158055712077747,0.9950918965547391,-0.0032292717188109332,0.29633991785458086,-0.0009468197822570801,0.001979129621759057,-0.0009468196658417583,-0.0009649587445892394,0.0020778768230229616,58.33351629191714,0.99832116827355
P-H,20260716,reference_b_even,folder_10_frame_161,10,53.199215688374466,-5.137397526389009,0.9951108733277377,-0.0032115247927082535,0.29633991785458086,-0.0009343294659629464,0.0019784322939813137,-0.0009343293495476246,-0.0009649587445892394,0.0020778768230229616,58.336613214763474,0.998322398120446
P-H,20260716,reference_a_odd,folder_10_frame_171,10,53.1756891224423,-5.127479511694112,0.9950908031048349,-0.003218369432713586,0.295197071350438,-0.0009462828165851533,0.001979322638362646,-0.0009462828747928143,-0.0009705147240310907,0.0020753408316522837,58.30316863413641,0.9983091725375485
P-H,20260716,reference_b_even,folder_10_frame_171,10,53.19979948514374,-5.104668797592666,0.9951101867128941,-0.003199178744745068,0.295197071350438,-0.0009337925584986806,0.0019785230979323387,-0.0009337925584986806,-0.0009705147240310907,0.0020753408316522837,58.30446828273641,0.9983093654576392
P-H,20260716,reference_a_odd,folder_11_frame_101,11,54.906173926248826,-5.525284637529978,0.9956386418522143,-0.003317883154534629,0.17364723433064513,-0.0004258377302903682,0.0017464256379753351,-0.0004258377302903682,-0.0004477872571442276,0.0019023753702640533,60.431458563778804,0.9989565250067489
P-H,20260716,reference_b_even,folder_11_frame_101,11,54.919301501666254,-5.510452497154475,0.9956476771337888,-0.003308468179574753,0.17364723433064513,-0.00042029647738672793,0.0017449748702347279,-0.00042029644828289747,-0.0004477872571442276,0.0019023753702640533,60.42975399882073,0.9989561453133635
P-H,20260716,reference_a_odd,folder_11_frame_111,11,54.866370486749894,-5.589713439505168,0.995595580366995,-0.003365637358534679,0.17118797763438848,-0.000432573608122766,0.0017532745841890574,-0.00043257357901893556,-0.000425871490733698,0.0019038224127143621,60.45608392625506,0.9989612177255297
P-H,20260716,reference_b_even,folder_11_frame_111,11,54.87941851092973,-5.577988922762202,0.9956046491188557,-0.0033569987566776094,0.17118797763438848,-0.0004270322679076344,0.0017518423264846206,-0.0004270323261152953,-0.000425871490733698,0.0019038224127143621,60.457407433691934,0.9989616478755333
P-H,20260716,reference_a_odd,folder_11_frame_121,11,54.80409570026792,-5.6504954448536395,0.9955346606210056,-0.003425693320928902,0.1692989277580203,-0.00044128193985670805,0.0017645000480115414,-0.00044128193985670805,-0.00040573638398200274,0.0019139013020321727,60.45459114512156,0.9989603539419345
P-H,20260716,reference_b_even,folder_11_frame_121,11,54.817590616381665,-5.641232643344573,0.9955443333221046,-0.003417533465638445,0.1692989277580203,-0.0004357406869530678,0.0017629681387916207,-0.00043574071605689824,-0.00040573638398200274,0.0019139013020321727,60.45882325972624,0.998961866787743
P-H,20260716,reference_a_odd,folder_11_frame_131,11,54.86034886457135,-5.613887096835363,0.9955899170811505,-0.0033761925788043934,0.17087993224568213,-0.0004313317476771772,0.0017548699397593737,-0.00043133171857334673,-0.0004591887118294835,0.0018855599919334054,60.47423596140671,0.9989661096599549
P-H,20260716,reference_b_even,folder_11_frame_131,11,54.873001502575335,-5.593870361155922,0.9955985853929092,-0.003365433204315371,0.17087993224568213,-0.0004257905238773674,0.0017535161459818482,-0.0004257904947735369,-0.0004591887118294835,0.0018855599919334054,60.46687186373126,0.9989640185972246
P-H,20260716,reference_a_odd,folder_11_frame_141,11,54.77187441187554,-5.665546802975406,0.9955017931361156,-0.003453370012425294,0.168521354214389,-0.0004458031035028398,0.0017703347839415073,-0.0004458030452951789,-0.00038770510582253337,0.0019172716420143843,60.43742121485094,0.9989551631485409
P-H,20260716,reference_b_even,folder_11_frame_141,11,54.78603210944934,-5.6677019807679585,0.995512069372771,-0.003447420315782046,0.168521354214389,-0.00044026176328770816,0.0017686571227386594,-0.00044026176328770816,-0.00038770510582253337,0.0019172716420143843,60.453734090217296,0.9989594896885531
P-H,20260716,reference_a_odd,folder_11_frame_151,11,54.89577182053607,-5.537627103082258,0.9956283127853331,-0.0033275198809075146,0.17324214808405192,-0.0004273189406376332,0.0017482810653746128,-0.00042731896974146366,-0.00044394496944732964,0.001899860566481948,60.43339892361833,0.9989558326662407
P-H,20260716,reference_b_even,folder_11_frame_151,11,54.90886305085917,-5.5224943598165055,0.9956373693402132,-0.0033181016684271647,0.17324214808405192,-0.0004217777168378234,0.0017468379810452461,-0.00042177768773399293,-0.00044394496944732964,0.001899860566481948,60.43135741067567,0.9989554710086403
P-H,20260716,reference_a_odd,folder_11_frame_161,11,54.79502502414314,-5.599692617428786,0.9955266874403036,-0.003418987120018535,0.1710186953776453,-0.0004423069767653942,0.0017662023892626166,-0.0004423069767653942,-0.00039344976539723575,0.0019191957544535398,60.39471764157193,0.9989456745603221
P-H,20260716,reference_b_even,folder_11_frame_161,11,54.80864771439862,-5.5940129507468725,0.9955365002778271,-0.0034117532575110854,0.1710186953776453,-0.0004367656947579235,0.001764641492627561,-0.00043676572386175394,-0.00039344976539723575,0.0019191957544535398,60.40266066514549,0.9989482535353382
P-H,20260716,reference_a_odd,folder_11_frame_171,11,54.688443717697936,-5.7008004993584365,0.9954165220965998,-0.0035210584967577674,0.1668865285624567,-0.00045904083526693285,0.0017851475859060884,-0.0004590408643707633,-0.0003411595243960619,0.0019353644456714392,60.38924421705637,0.9989375805933576
P-H,20260716,reference_b_even,folder_11_frame_171,11,54.70154469864383,-5.686877938529889,0.9954261799500811,-0.003512024913444045,0.1668865285624567,-0.0004534996405709535,0.001783696934580803,-0.0004534996405709535,-0.0003411595243960619,0.0019353644456714392,60.38842263717372,0.9989382048635251
P-H,20260716,reference_a_odd,folder_13_frame_101,13,57.499103597822796,-6.778706539557874,0.9967612008913793,-0.002805835696864878,0.024064323954183814,0.0013146080309525132,0.00022461605840362608,0.0013146079145371914,0.0013075023889541626,0.0006380859995260835,64.27781013738067,0.9995670365882442
P-H,20260716,reference_b_even,folder_13_frame_101,13,57.41705575411554,-6.855856325734976,0.9966970556277321,-0.002869337031026986,0.024064323954183814,0.0013274833327159286,0.00022440280008595437,0.0013274833327159286,0.0013075023889541626,0.0006380859995260835,64.27291207985051,0.9995663926587591
P-H,20260716,reference_a_odd,folder_13_frame_111,13,57.51929187149739,-6.681531290311213,0.9967751632789523,-0.0027798547199855417,0.02506669695345982,0.0013111031148582697,0.00022672975319437683,0.0013111029984429479,0.0013884855434298515,0.000640037062112242,64.2008231618086,0.9995550179989379
P-H,20260716,reference_b_even,folder_13_frame_111,13,57.436963855614664,-6.783299925175328,0.996711117789927,-0.002846917741294086,0.02506669695345982,0.0013239785330370069,0.00022662723495159298,0.0013239785330370069,0.0013884855434298515,0.000640037062112242,64.22026378078999,0.9995580355312211
P-H,20260716,reference_a_odd,folder_13_frame_121,13,57.50222011580449,-6.7783544920754935,0.9967635698896677,-0.0028033344107005753,0.02360620342054093,0.0013142239768058062,0.00022402164177037776,0.0013142239768058062,0.0013218047097325325,0.000638919067569077,64.28057460787998,0.9995669043003683
P-H,20260716,reference_b_even,folder_13_frame_121,13,57.42008230628144,-6.8670270942408465,0.9966994342247437,-0.002868245308250472,0.02360620342054093,0.0013270995113998652,0.0002238586312159896,0.0013270995113998652,0.0013218047097325325,0.000638919067569077,64.28710940052228,0.9995676795329942
P-H,20260716,reference_a_odd,folder_13_frame_131,13,57.50344617584531,-6.754925551585615,0.9967643514332121,-0.0027993780687127767,0.023971627633076677,0.0013139198999851942,0.00022468451061286032,0.0013139201328158379,0.0013258808758109808,0.0006398020777851343,64.25837172743093,0.9995637295019248
P-H,20260716,reference_b_even,folder_13_frame_131,13,57.421370191058934,-6.837371412654541,0.9967002532929827,-0.002863905807447553,0.023971627633076677,0.001326795550994575,0.00022446045477408916,0.0013267954345792532,0.0013258808758109808,0.0006398020777851343,64.25874160371347,0.9995641591004303
P-H,20260716,reference_a_odd,folder_13_frame_141,13,57.47319990521621,-6.619673669723419,0.9967432529147191,-0.0027940046616574676,0.022605196225991542,0.00131901609711349,0.0002224489871878177,0.00131901609711349,0.0012008765479549766,0.00064108642982319,64.09287357493963,0.9995372575763766
P-H,20260716,reference_b_even,folder_13_frame_141,13,57.39131128737834,-6.66745013491672,0.996678899676639,-0.0028519835901889,0.022605196225991542,0.001331891748122871,0.0002222838083980605,0.001331891631707549,0.0012008765479549766,0.00064108642982319,64.05876142229506,0.9995308832668279
P-H,20260716,reference_a_odd,folder_13_frame_151,13,57.48992449877683,-6.771357729344501,0.9967548705694607,-0.002808500592466734,0.023372144272346834,0.0013161832466721535,0.00022376605193130672,0.0013161834795027971,0.0012698890641331673,0.0006385691231116652,64.26128222812133,0.9995633711619274
P-H,20260716,reference_b_even,folder_13_frame_151,13,57.407879458834415,-6.835237008836216,0.9966906604113018,-0.0028700123723993665,0.023372144272346834,0.0013290588976815343,0.00022361836454365402,0.0013290587812662125,0.0012698890641331673,0.0006385691231116652,64.24311646767063,0.9995606727837012
P-H,20260716,reference_a_odd,folder_13_frame_161,13,57.49059046884295,-6.740373204858628,0.9967554537582473,-0.0028044596505557573,0.023195767303184296,0.0013161076931282878,0.0002235992724308744,0.0013161078095436096,0.0012736553326249123,0.0006408925401046872,64.23096367370158,0.999559913408803
P-H,20260716,reference_b_even,folder_13_frame_161,13,57.40855960735223,-6.80950234629006,0.9966912586257966,-0.0028666277003576157,0.023195767303184296,0.0013289835769683123,0.00022342981537804008,0.0013289833441376686,0.0012736553326249123,0.0006408925401046872,64.21806195364229,0.9995578863261542
P-H,20260716,reference_a_odd,folder_13_frame_171,13,57.49185564998303,-6.707881115124273,0.9967560006570995,-0.002801312444949744,0.023690291600623862,0.0013157724170014262,0.00022441113833338022,0.0013157724170014262,0.001275795279070735,0.0006423848681151867,64.1997367651073,0.9995573131020492
P-H,20260716,reference_b_even,folder_13_frame_171,13,57.409826946723314,-6.781902054982723,0.9966918021122969,-0.0028639119102448207,0.023690291600623862,0.0013286478351801634,0.00022423798509407789,0.0013286478351801634,0.001275795279070735,0.0006423848681151867,64.19172900170604,0.9995557140225417
